140,35
0,532
3,2
10,116
10,182
10,136
10,110
10,192
10,194
11,11
11,23
11,22
11,10
11,4
11,27
9,7
9,2
9,3
8,4
8,2
8,3
0,524
12,2
12,1
12,3
131,3
131,1
128,2
128,1
128,0
126,3
126,2
126,1
126,0
124,17
124,16
124,15
124,14
124,13
124,12
124,11
124,10
124,9
124,8
124,7
124,6
124,5
124,4
124,3
124,2
124,1
124,0
123,5
123,4
123,3
123,2
123,1
123,0
122,4
122,3
122,2
122,1
122,0
118,5
118,4
118,3
118,2
118,1
118,0
117,4
117,3
117,2
117,1
117,0
116,8
116,7
116,6
116,5
116,4
116,3
116,2
116,1
116,0
114,5
114,4
114,3
114,2
114,1
114,0
112,3
112,2
112,1
112,0
111,4
111,3
111,2
111,1
111,0
110,5
110,4
110,3
110,2
110,1
110,0
107,5
107,4
107,3
107,2
107,1
107,0
104,5
104,1
69,3
69,1
52,13
52,12
52,11
52,10
52,9
52,8
52,7
52,6
52,5
52,4
52,1
37,5
37,1
24,4
24,3
24,1
20,3
20,2
20,1
19,3
19,2
19,1
11,28
11,26
